FLATCAR_VERSION=9999.0.12345+github-4077
FLATCAR_VERSION_ID=9999.0.12345
FLATCAR_BUILD_ID="github-4077"
FLATCAR_SDK_VERSION=4728.0.0+nightly-20260611-2100
